1
2
4
5
6
7
8
9
10
12
16
17
21
22
23
25
26
27
28
29
30
31
32
33
34
36
37
39
40
41
42
44
46
47
49
51
55
56
59
60
61
62
63
66
67
68
69
70
71
72
73
74
76
77
80
85
86
87
89
91
95
98
99
102
103
105
107
108
109
111
112
114
115
117
118
119
121
122
123
124
125
127
129
130
132
133
134
135
136
137
138
143
144
147
148
149
150
151
154
155
157
158
162
164
167
168
170
171
172
173
175
178
181
183
184
185
186
187
188
189
190
191
194
195
197
198
199
202
203
204
205
209
210
215
220
222
223
226
234
240
242
243
245
249
250
251
253
254
256
257
258
259
260
261
265
266
268
269
270
271
272
273
274
275
276
277
278
283
286
287
288
289
290
291
294
295
297
298
299
300
301
302
304
305
307
311
312
313
314
316
317
320
321
322
323
326
327
329
331
332
333
336
337
339
340
341
342
343
346
350
351
352
354
355
358
361
363
364
365
367
368
369
372
373
374
375
377
381
382
384
386
387
388
390
393
396
397
399
401
402
403
404
405
408
409
411
412
413
414
415
417
418
420
421
422
423
424
425
426
427
429
430
431
432
435
436
437
439
440
441
442
443
445
446
447
448
449
450
453
455
457
458
459
460
464
465
467
468
469
470
471
472
473
474
475
476
478
479
480
481
482
483
484
488
490
491
494
499
502
507
508
509
510
513
514
515
517
518
519
520
521
522
524
525
527
528
529
530
531
533
534
538
540
545
546
547
548
550
551
552
553
554
555
556
557
561
562
563
565
567
569
570
571
573
574
575
577
578
579
580
582
583
584
585
586
587
590
591
592
594
596
597
598
600
601
602
603
605
611
612
613
614
615
616
618
619
620
623
625
626
627
630
632
634
635
636
637
639
640
641
643
644
645
646
647
648
649
650
651
652
654
655
656
660
661
662
664
666
667
669
672
676
678
679
682
683
687
688
689
690
691
692
693
695
696
700
702
703
704
707
709
710
711
712
713
714
717
718
720
721
723
725
726
728
729
730
731
732
733
734
735
736
738
740
741
742
744
745
746
747
748
749
750
751
752
756
757
759
760
764
766
767
770
771
772
773
775
777
778
779
782
783
784
785
789
790
791
792
793
794
795
796
797
798
800
802
805
806
807
809
811
812
813
814
815
816
818
820
821
824
825
826
827
828
829
831
834
836
837
838
840
843
844
846
847
850
851
852
853
857
859
860
861
863
864
865
866
868
869
870
871
872
874
876
878
883
884
886
888
889
890
891
893
894
895
896
899
902
904
905
906
907
913
914
915
916
918
919
920
922
923
924
927
928
929
930
932
935
939
940
941
942
947
948
949
951
952
953
954
956
957
960
962
963
964
965
966
969
970
972
973
977
979
980
983
984
986
989
992
993
994
996
997
998
999
1000
1001
1006
1009
1010
1012
1013
1015
1016
1018
1022
1025
1026
1028
1029
1030
1032
1034
1035
1036
1037
1038
1039
1040
1041
1042
1043
1044
1045
1047
1048
1049
1052
1053
1058
1059
1061
1065
1068
1069
1070
1071
1074
1076
1077
1078
1080
1081
1082
1084
1085
1086
1087
1088
1089
1090
1091
1093
1097
1098
1099
1101
1102
1106
1108
1109
1110
1112
1114
1117
1119
1120
1121
1122
1124
1125
1127
1129
1130
1131
1133
1134
1135
1136
1137
1141
1143
1145
1146
1147
1148
1149
1154
1158
1159
1174
1192
1195
1201
1213
1214
1215
1221
1223
1224
1225
1228
1229
1230
1231
1232
1233
1237
1238
1240
1241
1243
1244
1245
1247
1250
1251
1252
1253
1254
1255
1256
1257
1258
1260
1261
1262
1266
1267
1268
1269
1270
1271
1272
1273
1274
1277
1278
1281
1282
1290
1291
1292
1293
1295
1298
1299
1304
1305
1306
1307
1308
1309
1312
1317
1318
1320
1322
1326
1327
1329
1332
1336
1337
1338
1339
1340
1341
1342
1343
1344
1345
1346
1347
1352
1353
1354
1356
1359
1360
1362
1366
1367
1369
1370
1371
1372
1373
1375
1378
1379
1381
1382
1383
1385
1387
1389
1390
1392
1393
1396
1397
1398
1399
1402
1405
1408
1410
1411
1413
1415
1417
1419
1420
1421
1422
1423
1424
1425
1426
1428
1430
1433
1434
1437
1438
1439
1441
1443
1444
1447
1448
1449
1450
1451
1452
1455
1456
1457
1458
1459
1460
1461
1462
1464
1466
1471
1472
1473
1477
1478
1481
1482
1483
1484
1485
1487
1488
1489
1490
1491
1493
1496
1500
1501
1502
1503
1504
1506
1507
1508
1509
1511
1512
1513
1514
1515
1516
1520
1523
1524
1525
1526
1527
1529
1530
1531
1532
1533
1534
1535
1536
1538
1540
1541
1542
1543
1545
1546
1547
1548
1549
1550
1552
1553
1554
1556
1560
1561
1562
1563
1564
1565
1567
1569
1570
1571
1572
1573
1574
1576
1579
1582
1584
1585
1586
1587
1588
1590
1591
1592
1593
1594
1595
1597
1598
1599
1600
1601
1602
1604
1605
1606
1607
1608
1611
1613
1614
1616
1617
1620
1621
1622
1623
1624
1626
1627
1628
1629
1631
1632
1633
1634
1635
1636
1637
1641
1642
1643
1644
1646
1647
1648
1649
1652
1653
1655
1656
1657
1658
1660
1661
1662
1665
1666
1667
1670
1673
1675
1676
1677
1678
1681
1682
1683
1685
1687
1690
1691
1692
1693
1695
1699
1700
1701
1702
1705
1706
1707
1709
1714
1715
1717
1720
1721
1722
1723
1725
1726
1727
1729
1730
1731
1732
1733
1734
1735
1736
1739
1740
1742
1746
1747
1748
1749
1752
1753
1754
1756
1757
1758
1761
1764
1766
1767
1768
1769
1770
1771
1772
1773
1774
1776
1777
1779
1780
1782
1783
1788
1789
1790
1791
1792
1794
1796
1799
1801
1802
1803
1804
1805
1806
1807
1808
1809
1810
1812
1813
1814
1817
1819
1822
1823
1826
1827
1829
1830
1831
1833
1834
1836
1838
1841
1842
1847
1855
1858
1859
1860
1863
1866
1867
1870
1871
1872
1874
1876
1877
1878
1881
1882
1884
1885
1886
1888
1889
1890
1891
1892
1893
1894
1895
1896
1897
1898
1899
1901
1902
1903
1904
1905
1907
1909
1910
1911
1912
1914
1915
1916
1919
1921
1922
1923
1925
1927
1928
1929
1930
1931
1933
1937
1938
1939
1940
1941
1942
1944
1951
1952
1953
1954
1956
1960
1963
1964
1965
1966
1968
1969
1972
1973
1974
1976
1978
1979
1980
1983
1984
1988
1989
1990
1992
1994
1995
1997
1998
1999
2001
2002
2004
2006
2007
2011
2013
2014
2015
2016
2017
2018
2019
2021
2022
2025
2026
2027
2029
2030
2032
2034
2037
2038
2039
2040
2042
2044
2046
2048
2050
2052
2053
2055
2056
2058
2059
2061
2062
2063
2065
2066
2067
2068
2072
2073
2074
2075
2078
2079
2082
2084
2085
2086
2087
2088
2089
2090
2091
2096
2097
2099
2100
2101
2102
2103
2105
2106
2107
2109
2110
2114
2115
2116
2117
2118
2119
2121
2122
2124
2125
2126
2127
2129
2130
2132
2133
2135
2136
2140
2141
2142
2143
2144
2145
2146
2147
2148
2149
2150
2151
2152
2155
2156
2157
2159
2160
2161
2162
2163
2165
2166
2167
2168
2170
2173
2176
2177
2178
2179
2180
2182
2184
2185
2186
2187
2188
2190
2192
2194
2195
2196
2197
2198
2201
2202
2204
2207
2209
2210
2211
2213
2216
2217
2218
2219
2221
2226
2227
2228
2229
2230
2231
2235
2236
2239
2240
2241
2243
2244
2246
2247
2248
2249
2251
2252
2254
2255
2256
2260
2262
2264
2265
2267
2268
2269
2270
2271
2272
2273
2276
2277
2278
2279
2280
2281
2282
2283
2284
2285
2287
2288
2289
2290
2292
2295
2296
2297
2298
2299
2300
2301
2302
2303
2304
2305
2307
2308
2309
2310
2311
2312
2314
2315
2316
2317
2318
2320
2321
2322
2324
2327
2329
2330
2331
2332
2333
2334
2335
2336
2337
2338
2340
2341
2342
2344
2345
2346
2347
2350
2351
2352
2353
2354
2355
2356
2357
2358
2359
2361
2362
2364
2367
2371
2372
2373
2374
2375
2377
2379
2381
2384
2385
2387
2390
2391
2392
2394
2396
2397
2398
2399
2401
2402
2404
2405
2406
2410
2411
2412
2414
2420
2422
2423
2424
2426
2427
2428
2430
2431
2433
2434
2436
2437
2438
2439
2440
2441
2442
2443
2444
2446
2448
2449
2451
2452
2454
2458
2460
2462
2465
2466
2467
2468
2470
2471
2472
2473
2474
2475
2476
2477
2478
2479
2480
2481
2482
2484
2485
2486
2487
2489
2490
2492
2494
2497
2498
2499
2500
2502
2506
2508
2509
2510
2513
2514
2515
2517
2518
2519
2520
2522
2523
2524
2525
2526
2527
2529
2531
2532
2533
2536
2537
2538
2539
2540
2541
2542
2544
2546
2547
2548
2549
2550
2551
2553
2555
2558
2559
2561
2563
2564
2565
2566
2567
2568
2569
2571
2572
2574
2575
2576
2577
2579
2584
2586
2587
2588
2589
2590
2591
2592
2593
2595
2597
2599
2600
2601
2603
2606
2607
2608
2609
2610
2613
2614
2616
2617
2618
2620
2621
2622
2623
2624
2625
2626
2627
2628
2630
2631
2632
2634
2635
2639
2641
2642
2643
2644
2646
2647
2648
2649
2650
2651
2652
2653
2654
2655
2656
2665
2666
2668
2670
2671
2672
2674
2675
2676
2677
2679
2680
2681
2687
2690
2692
2693
2695
2696
2697
2699
2700
2702
2705
2706
2707
2709
2712
2714
2719
2720
2724
2727
2728
2729
2730
2732
2733
2734
2735
2736
2737
2739
2740
2744
2745
2746
2747
2750
2751
2753
2755
2757
2758
2760
2761
2762
2763
2765
2766
2769
2770
2773
2774
2775
2776
2777
2778
2779
2780
2781
2782
2784
2787
2788
2790
2791
2792
2793
2794
2795
2797
2798
2800
2802
2803
2804
2805
2806
2807
2809
2811
2815
2816
2817
2818
2819
2820
2824
2825
2827
2829
2830
2831
2832
2833
2834
2835
2836
2837
2838
2839
2841
2842
2844
2845
2848
2849
2850
2851
2857
2858
2859
2863
2864
2865
2866
2868
2869
2870
2871
2872
2874
2875
2876
2877
2878
2880
2881
2884
2887
2888
2889
2890
2893
2895
2896
2897
2898
2899
2900
2901
2902
2903
2904
2905
2906
2907
2909
2910
2914
2916
2918
2922
2923
2925
2926
2927
2930
2931
2932
2933
2934
2936
2938
2939
2940
2941
2942
2943
2945
2946
2947
2948
2949
2950
2951
2952
2953
2955
2956
2957
2958
2961
2962
2965
2968
2972
2973
2976
2977
2979
2980
2983
2984
2985
2986
2987
2988
2989
2990
2994
2997
3000
3004
3007
3008
3009
3013
3014
3015
3017
3018
3019
3020
3021
3022
3023
3025
3026
3029
3030
3033
3036
3037
3039
3041
3042
3043
3044
3045
3046
3047
3049
3050
3051
3053
3056
3060
3061
3062
3064
3065
3066
3067
3068
3069
3071
3072
3076
3077
3078
3079
3080
3081
3083
3085
3086
3088
3089
3090
3092
3094
3095
3096
3097
3098
3100
3101
3104
3105
3106
3108
3109
3110
3111
3114
3115
3116
3117
3118
3119
3120
3122
3128
3138
3139
3141
3142
3145
3146
3147
3149
3150
3152
3153
3155
3156
3157
3159
3160
3161
3162
3163
3164
3170
3171
3172
3173
3176
3177
3178
3181
3182
3184
3189
3190
3194
3196
3197
3198
3199
3200
3201
3202
3203
3205
3207
3210
3211
3214
3216
3217
3219
3220
3221
3223
3224
3225
3226
3227
3228
3230
3231
3232
3234
3235
3236
3240
3242
3245
3249
3250
3251
3252
3253
3255
3256
3258
3259
3260
3261
3262
3263
3265
3266
3268
3271
3273
3274
3275
3277
3279
3281
3282
3283
3285
3286
3287
3288
3289
3291
3292
3293
3294
3295
3296
3297
3300
3302
3303
3305
3307
3308
3311
3312
3314
3315
3320
3321
3322
3323
3325
3326
3327
3328
3329
3331
3333
3336
3336
3339
3339
3340
3340
3340
3341
3341
3343
3343
3344
3344
3345
3345
3346
3346
3347
3347
3348
3348
3349
3349
3350
3350
3351
3351
3354
3354
3355
3355
3357
3357
3360
3360
3365
3365
3366
3366
3367
3367
3368
3368
3369
3370
3370
3372
3372
3373
3373
3377
3377
3378
3378
3379
3379
3380
3380
3381
3381
3382
3382
3383
3383
3384
3384
3385
3385
3386
3386
3387
3387
3388
3388
3390
3390
3392
3392
3393
3393
3394
3394
3395
3395
3396
3396
3397
3397
3398
3398
3403
3403
3404
3404
3405
3405
3406
3406
3409
3409
3410
3410
3411
3411
3412
3412
3413
3413
3417
3417
3427
3427
3428
3428
3429
3429
3433
3433
3434
3434
3436
3436
3438
3438
3441
3441
3443
3443
3444
3444
3445
3445
3451
3451
3452
3452
3453
3453
3455
3455
3456
3456
3457
3457
3458
3458
3461
3461
3462
3462
3463
3464
3464
3465
3465
3466
3466
3467
3468
3468
3469
3469
3471
3471
3473
3473
3475
3475
3476
3476
3477
3477
3478
3478
3479
3479
3481
3481
3482
3482
3483
3484
3484
3486
3486
3487
3487
3488
3488
3489
3489
3490
3493
3493
3497
3497
3498
3498
3499
3499
3500
3500
3502
3502
3503
3503
3504
3504
3505
3505
3506
3506
3508
3508
3509
3509
3510
3510
3511
3512
3514
3517
3518
3519
3520
3525
3526
3527
3532
3533
3536
3539
3540
3541
3542
3544
3548
3549
3553
3555
3556
3558
3560
3561
3562
3563
3564
3565
3566
3567
3568
3569
3570
3573
3574
3575
3576
3577
3578
3580
3582
3583
3584
3586
3588
3590
3591
3592
3593
3594
3596
3600
3601
3602
3604
3607
3609
3610
3611
3612
3613
3614
3615
3617
3618
3622
3623
3624
3625
3628
3629
3630
3631
3632
3633
3634
3637
3638
3640
3643
3644
3645
3647
3649
3650
3654
3655
3657
3660
3661
3663
3668
3671
3672
3673
3676
3677
3679
3681
3683
3684
3685
3688
3689
3690
3691
3694
3696
3697
3698
3699
3700
3703
3706
3707
3710
3712
3713
3714
3715
3716
3718
3719
3721
3722
3723
3724
3725
3727
3728
3729
3730
3732
3733
3734
3735
3736
3738
3739
3740
3741
3742
3743
3744
3745
3746
3747
3748
3749
3750
3751
3752
3753
3755
3756
3758
3763
3764
3765
3766
3768
3769
3770
3771
3774
3776
3777
3778
3779
3780
3781
3782
3783
3784
3787
3788
3790
3793
3794
3795
3797
3799
3801
3805
3807
3809
3810
3811
3812
3815
3816
3817
3818
3819
3820
3821
3822
3823
3824
3825
3826
3828
3829
3830
3831
3832
3835
3836
3837
3838
3840
3841
3842
3845
3847
3848
3849
3850
3851
3852
3853
3854
3858
3860
3861
3863
3865
3866
3867
3869
3873
3875
3876
3879
3880
3884
3885
3886
3887
3888
3889
3890
3891
3892
3893
3894
3895
3897
3898
3901
3902
3903
3904
3906
3907
3908
3909
3910
3911
3912
3913
3914
3916
3916
3917
3917
3918
3918
3919
3919
3920
3920
3921
3921
3922
3924
3926
3927
3928
3930
3932
3933
3934
3935
3936
3939
3941
3942
3943
3945
3950
3952
3953
3954
3955
3958
3962
3963
3966
3967
3968
3970
3972
3973
3974
3976
3977
3983
3984
3987
3989
3990
3992
3995
3997
4003
4004
4005
4006
4007
4008
4013
4016
4017
4019
4020
4021
4022
4025
4028
4029
4030
4031
4033
4034
4035
4036
4038
4040
4043
4045
4046
4047
4048
4053
4054
4055
4061
4062
4070
4072
4073
4074
4076
4077
4078
4079
4080
4081
4082
4083
4084
4085
4086
4087
4089
4090
4092
4093
4094
4095
4097
4099
4100
4101
4102
4103
4104
4105
4107
4108
4109
4110
4111
4113
4115
4116
4117
4118
4119
4121
4122
4123
4124
4125
4126
4127
4129
4130
4131
4133
4134
4135
4136
4138
4139
4141
4142
4143
4144
4145
4146
4147
4148
4150
4151
4152
4154
4157
4159
4160
4163
4166
4167
4168
4169
4170
4172
4175
4178
4180
4183
4184
4186
4187
4188
4189
4191
4192
4193
4194
4199
4200
4201
4203
4204
4207
4208
4212
4213
4214
4215
4216
4219
4220
4221
4222
4224
4225
4228
4229
4232
4233
4234
4235
4238
4239
4243
4244
4245
4246
4247
4249
4250
4251
4253
4255
4256
4259
4260
4261
4262
4264
4265
4266
4267
4269
4270
4271
4272
4276
4281
4283
4285
4287
4289
4290
4291
4292
4293
4294
4295
4298
4299
4300
4301
4302
4303
4304
4305
4307
4308
4310
4311
4314
4315
4316
4318
4319
4320
4321
4325
4326
4328
4329
4331
4332
4334
4335
4337
4339
4340
4341
4343
4347
4348
4349
4350
4351
4352
4355
4356
4357
4358
4359
4360
4361
4362
4364
4365
4366
4367
4368
4369
4370
4371
4372
4374
4376
4377
4378
4379
4380
4382
4383
4386
4389
4391
4395
4396
4397
4398
4400
4401
4404
4407
4408
4409
4411
4412
4413
4414
4415
4416
4419
4420
4424
4425
4426
4428
4431
4432
4433
4434
4435
4436
4437
4439
4441
4442
4448
4450
4451
4452
4453
4455
4456
4458
4500
4501
4502
4506
4508
4509
4510
4511
4512
4513
4517
4518
4519
4522
4523
4524
4525
4527
4528
4531
4533
4535
4536
4538
4539
4540
4541
4543
4544
4545
4546
4548
4549
4550
4551
4552
4554
4556
4558
4559
4560
4561
4562
4563
4564
4567
4568
4569
4570
4571
4572
4576
4577
4579
4580
4582
4583
4585
4587
4588
4589
4590
4591
4592
4594
4596
4597
4598
4601
4602
4603
4604
4607
4609
4611
4612
4613
4614
4615
4616
4617
4619
4620
4621
4623
4624
4626
4627
4628
4630
4636
4638
4639
4640
4642
4643
4645
4646
4647
4648
4649
4653
4656
4657
4658
4659
4661
4662
4663
4666
4667
4668
4669
4671
4672
4673
4674
4675
4677
4679
4683
4684
4686
4687
4688
4689
4690
4691
4692
4693
4694
4696
4697
4698
4699
4700
4701
4702
4704
4705
4706
4708
4709
4710
4711
4712
4714
4716
4718
4723
4724
4725
4726
4727
4729
4731
4732
4733
4734
4737
4738
4739
4740
4741
4742
4743
4744
4745
4746
4748
4749
4751
4752
4753
4754
4755
4756
4760
4763
4766
4768
4769
4771
4772
4773
4775
4776
4777
4778
4780
4782
4787
4789
4790
4791
4793
4795
4799
4800
4801
4804
4807
4808
4810
4811
4812
4814
4815
4816
4818
4819
4820
4821
4822
4823
4824
4825
4827
4828
4829
4832
4833
4834
4835
4836
4837
4841
4842
4843
4844
4845
4846
4847
4849
4851
4852
4855
4858
4859
4864
4865
4867
4869
4870
4872
4874
4875
4876
4877
4878
4879
4880
4881
4882
4883
4884
4885
4886
4888
4889
4891
4893
4896
4897
4898
4899
4901
4902
4903
4904
4908
4909
4910
4913
4914
4916
4917
4918
4921
4924
4925
4926
4927
4928
4929
4930
4931
4932
4933
4934
4935
4936
4937
4938
4939
4940
4941
4943
4944
4945
4946
4947
4948
4949
4951
4953
4955
4956
4959
4960
4961
4962
4965
4966
4967
4968
4969
4970
4971
4973
4974
4975
4977
4978
4979
4980
4981
4985
4986
4987
4988
4989
4992
4994
4995
4996
5000
5002
5003
5005
5006
5007
5008
5009
5010
5012
5015
5016
5018
5020
5022
5023
5024
5025
5026
5027
5028
5029
5030
5031
5032
5033
5034
5035
5038
5039
5040
5041
5043
5044
5045
5046
5047
5048
5049
5050
5051
5052
5053
5055
5056
5060
5061
5062
5065
5066
5067
5068
5069
5070
5071
5072
5073
5075
5080
5081
5082
5083
5084
5085
5087
5088
5091
5092
5094
5095
5096
5097
5098
5099
5101
5102
5103
5104
5105
5106
5107
5109
5110
5112
5113
5114
5115
5118
5119
5121
5122
5123
5124
5125
5127
5128
5129
5130
5131
5133
5134
5135
5136
5138
5140
5141
5142
5146
5147
5149
5150
5151
5154
5155
5159
5160
5161
5163
5165
5166
5167
5168
5169
5170
5171
5173
5174
5175
5176
5177
5179
5180
5181
5183
5186
5187
5188
5190
5191
5192
5193
5194
5195
5196
5198
5199
5200
5202
5203
5204
5205
5206
5207
5208
5211
5212
5214
5215
5216
5217
5218
5219
5220
5222
5223
5224
5225
5226
5227
5230
5233
5235
5236
5237
5238
5239
5240
5241
5242
5243
5244
5245
5246
5247
5250
5251
5254
5255
5256
5257
5258
5259
5260
5263
5264
5268
5269
5270
5271
5272
5273
5274
5275
5276
5278
5279
5280
5281
5282
5283
5284
5285
5286
5288
5290
5292
5293
5298
5299
5300
5301
5305
5308
5309
5311
5313
5314
5315
5318
5322
5323
5324
5325
5326
5328
5329
5331
5333
5335
5336
5338
5340
5341
5342
5343
5345
5346
5347
5348
5349
5350
5354
5358
5359
5360
5361
5362
5365
5366
5367
5369
5370
5371
5372
5377
5378
5379
5383
5384
5385
5386
5387
5388
5390
5393
5394
5395
5396
5398
5399
5436
5437
5439
5440
5443
5444
5445
5446
5448
5450
5451
5453
5454
5455
5456
5460
5461
5464
5467
5469
5471
5472
5478
5480
5481
5482
5486
5492
5494
5500
5503
5506
5507
5512
5515
5516
5517
5518
5524
5527
5538
5539
5544
5545
5546
5547
5548
5552
5553
5554
5555
5556
5557
5558
5559
5561
5565
5571
5572
5574
5580
5581
5582
5583
5584
5585
5586
5588
5589
5590
5592
5593
5595
5598
5599
5600
5601
5602
5603
5604
5606
5607
5608
5609
5611
5612
5616
5617
5619
5621
5624
5626
5627
5628
5629
5630
5631
5633
5634
5636
5639
5640
5641
5642
5643
5644
5645
5646
5647
5648
5650
5653
5654
5655
5656
5657
5658
5659
5660
5662
5663
5664
5666
5667
5668
5669
5671
5672
5673
5674
5675
5676
5677
5680
5682
5683
5684
5685
5686
5688
5689
5690
5691
5692
5693
5694
5695
5696
5697
5700
5702
5703
5705
5707
5709
5710
5711
5712
5713
5715
5716
5717
5718
5719
5721
5722
5725
5726
5727
5728
5732
5733
5734
5736
5737
5741
5743
5744
5748
5751
5752
5753
5754
5755
5756
5757
5758
5759
5760
5761
5762
5763
5764
5767
5768
5769
5770
5771
5772
5773
5776
5777
5778
5779
5780
5782
5783
5785
5786
5789
5790
5792
5794
5795
5796
5797
5798
5799
5804
5805
5808
5809
5810
5811
5812
5813
5814
5815
5817
5819
5820
5824
5825
5827
5828
5829
5831
5832
5833
5834
5836
5838
5840
5842
5845
5846
5848
5849
5851
5852
5854
5855
5856
5857
5858
5859
5860
5861
5862
5863
5864
5867
5868
5870
5871
5872
5874
5882
5884
5885
5886
5887
5888
5889
5893
5894
5895
5896
5897
5899
5900
5903
5904
5905
5907
5910
5913
5914
5915
5916
5917
5918
5919
5922
5923
5924
5925
5927
5929
5930
5931
5932
5933
5938
5940
5941
5943
5946
5948
5950
5951
5953
5954
5956
5958
5959
5960
5962
5963
5965
5967
5968
5971
5972
5973
5974
5975
5976
5977
5978
5979
5980
5981
5982
5983
5984
5985
5986
5987
5988
5990
5991
5992
5994
5995
5996
5997
5998
5999
6000
6001
6002
6003
6004
6005
6007
6008
6010
6011
6012
6013
6014
6015
6016
6017
6018
6020
6022
6023
6025
6029
6031
6032
6034
6037
6041
6042
6043
6044
6045
6046
6048
6049
6050
6051
6054
6055
6057
6058
6061
6063
6064
6065
6067
6069
6070
6072
6074
6075
6076
6077
6080
6081
6082
6084
6085
6087
6089
6092
6094
6097
6098
6099
6100
6102
6103
6105
6106
6107
6108
6110
6111
6113
6115
6116
6117
6118
6121
6125
6126
6127
6130
6131
6132
6133
6137
6138
6139
6141
6142
6143
6146
6147
6148
6149
6151
6152
6154
6155
6156
6158
6160
6161
6162
6163
6164
6166
6167
6168
6172
6173
6174
6175
6176
6177
6178
6179
6181
6182
6183
6184
6185
6188
6189
6190
6191
6192
6193
6194
6196
6197
6198
6199
6201
6202
6203
6205
6207
6208
6209
6210
6211
6212
6214
6215
6216
6217
6219
6220
6221
6222
6223
6225
6229
6230
6231
6232
6233
6234
6235
6236
6272
6273
6274
6276
6277
6281
6282
6283
6285
6286
6288
6291
6293
6294
6295
6296
6297
6298
6299
6300
6301
6302
6304
6305
6307
6308
6309
6310
6313
6314
6315
6316
6318
6320
6321
6323
6324
6325
6326
6327
6329
6330
6331
6332
6333
6336
6337
6338
6339
6341
6342
6343
6344
6346
6347
6349
6351
6354
6355
6356
6357
6358
6359
6360
6361
6363
6366
6370
6372
6373
6374
6375
6380
6381
6382
6383
6385
6387
6388
6389
6391
6392
6394
6395
6396
6397
6398
6399
6400
6401
6403
6404
6405
6407
6408
6409
6410
6411
6412
6413
6414
6415
6416
6418
6420
6421
6422
6423
6424
6429
6431
6434
6435
6440
6442
6443
6445
6446
6447
6448
6449
6450
6451
6452
6453
6454
6458
6460
6461
6462
6463
6465
6466
6467
6469
6470
6471
6473
6475
6476
6477
6478
6479
6480
6481
6482
6483
6484
6485
6489
6490
6491
6494
6495
6496
6497
6498
6499
6500
6501
6503
6504
6505
6506
6508
6509
6510
6511
6513
6514
6515
6516
6517
6518
6519
6520
6521
6522
6523
6525
6526
6527
6530
6531
6532
6534
6535
6539
6540
6541
6545
6546
6547
6548
6549
6550
6551
6553
6556
6558
6559
6560
6562
6563
6565
6567
6568
6569
6572
6573
6574
6575
6577
6578
6579
6580
6583
6584
6585
6586
6587
6590
6591
6592
6593
6594
6595
6597
6599
6600
6601
6602
6603
6604
6605
6607
6608
6609
6610
6611
6612
6614
6615
6616
6618
6620
6623
6624
6626
6627
6630
6632
6634
6635
6636
6638
6640
6641
6644
6646
6648
6649
6650
6652
6654
6655
6660
6661
6662
6664
6665
6666
6667
6669
6670
6672
6673
6674
6675
6676
6677
6678
6679
6680
6681
6682
6683
6684
6689
6691
6693
6694
6696
6697
6699
6700
6702
6704
6706
6707
6708
6709
6710
6712
6714
6717
6718
6719
6720
6722
6723
6724
6726
6727
6728
6731
6732
6733
6734
6735
6736
6738
6740
6742
6743
6749
6750
6751
6752
6754
6755
6756
6758
6762
6764
6765
6767
6769
6772
6773
6775
6776
6780
6781
6784
6787
6788
6791
6793
6794
6796
6797
6798
6800
6801
6802
6803
6805
6808
6813
6815
6816
6817
6819
6820
6821
6822
6823
6824
6826
6829
6830
6831
6833
6834
6835
6836
6840
6841
6844
6845
6846
6847
6848
6850
6851
6853
6854
6857
6860
6861
6864
6865
6866
6867
6868
6869
6870
6871
6872
6876
6877
6878
6879
6883
6884
6885
6886
6888
6890
6891
6893
6894
6895
6897
6898
6899
6903
6904
6906
6908
6909
6910
6911
6912
6913
6916
6917
6918
6919
6920
6923
6927
6928
6929
6930
6931
6935
6936
6937
6938
6940
6941
6942
6943
6945
6946
6949
6952
6954
6956
6959
6960
6961
6962
6964
6966
6967
6968
6971
6972
6974
6975
6976
6977
6978
6981
6982
6984
6985
6986
6987
6989
6990
6991
6992
6993
6995
6996
6997
6998
7001
7002
7003
7004
7005
7006
7007
7008
7009
7011
7012
7013
7014
7016
7018
7019
7020
7021
7024
7026
7029
7030
7031
7032
7033
7034
7036
7037
7038
7039
7040
7041
7043
7044
7045
7046
7047
7049
7051
7052
7054
7055
7057
7058
7059
7060
7062
7063
7064
7065
7066
7067
7068
7071
7072
7075
7076
7077
7080
7081
7082
7083
7084
7085
7086
7087
7088
7089
7090
7091
7092
7093
7094
7095
7096
7097
7098
7099
7100
7101
7102
7104
7105
7107
7108
7109
7110
7111
7114
7116
7117
7118
7119
7122
7123
7126
7128
7130
7131
7133
7134
7135
7136
7137
7138
7139
7140
7141
7146
7148
7149
7150
7151
7152
7153
7155
7156
7157
7158
7159
7160
7161
7162
7163
7165
7166
7167
7168
7169
7170
7171
7172
7174
7175
7177
7178
7179
7180
7182
7187
7188
7190
7191
7193
7194
7197
7200
7201
7202
7203
7204
7205
7206
7207
7208
7209
7210
7211
7212
7214
7215
7216
7217
7218
7219
7220
7221
7222
7224
7225
7226
7228
7229
7230
7231
7232
7233
7234
7236
7238
7239
7240
7241
7243
7245
7247
7248
7249
7251
7254
7255
7256
7257
7258
7259
7260
7261
7262
7263
7264
7266
7267
7268
7269
7270
7271
7272
7273
7274
7275
7276
7277
7278
7279
7281
7282
7283
7284
7285
7286
7287
7288
7289
7290
7291
7292
7293
7294
7295
7296
7297
7298
7299
7300
7301
7302
7304
7305
7306
7307
7311
7312
7313
7314
7315
7316
7317
7318
7319
7320
7321
7322
7323
7324
7325
7327
7328
7329
7330
7331
7332
7333
7334
7337
7338
7339
7342
7343
7344
7345
7346
7347
7348
7349
7352
7353
7354
7355
7356
7357
7358
7359
7360
7361
7362
7363
7364
7365
7367
7368
7369
7371
7372
7373
7375
7376
7377
7378
7379
7380
7381
7382
7384
7385
7386
7388
7389
7390
7391
7393
7394
7397
7398
7399
7401
7402
7403
7404
7405
7407
7409
7410
7414
7415
7416
7418
7419
7420
7422
7423
7427
7428
7429
7430
7435
7436
7437
7438
7439
7440
7441
7442
7443
7444
7446
7449
7450
7451
7452
7453
7454
7455
7457
7459
7460
7461
7462
7463
7464
7465
7467
7469
7472
7473
7474
7476
7478
7481
7482
7485
7486
7487
7488
7491
7492
7493
7494
7495
7497
7501
7503
7504
7505
7506
7507
7508
7509
7511
7513
7514
7515
7516
7517
7518
7519
7520
7521
7522
7524
7525
7526
7529
7530
7532
7533
7535
7536
7537
7540
7541
7542
7543
7544
7545
7547
7549
7552
7553
7554
7556
7558
7559
7560
7561
7563
7564
7568
7569
7570
7572
7574
7577
7579
7580
7581
7582
7583
7584
7585
7586
7589
7590
7591
7592
7593
7595
7596
7597
7598
7602
7603
7605
7607
7609
7610
7611
7614
7615
7616
7617
7618
7620
7621
7623
7624
7627
7631
7634
7637
7639
7640
7641
7642
7643
7645
7646
7647
7648
7650
7651
7653
7654
7655
7656
7658
7661
7662
7663
7664
7665
7666
7668
7670
7671
7672
7673
7674
7677
7678
7680
7681
7682
7683
7686
7687
7689
7690
7691
7692
7694
7695
7697
7698
7700
7702
7703
7704
7706
7707
7708
7709
7710
7711
7712
7714
7715
7716
7717
7718
7720
7721
7722
7723
7727
7730
7731
7732
7733
7734
7735
7737
7738
7739
7741
7742
7744
7745
7746
7747
7749
7750
7751
7753
7754
7755
7756
7757
7759
7763
7764
7765
7766
7767
7769
7770
7771
7772
7774
7776
7778
7779
7780
7781
7782
7784
7786
7787
7789
7790
7791
7793
7794
7795
7796
7797
7798
7799
7800
7801
7802
7805
7806
7809
7810
7811
7812
7816
7817
7819
7820
7822
7823
7824
7825
7828
7831
7832
7833
7834
7835
7836
7837
7839
7840
7841
7842
7846
7848
7849
7851
7852
7854
7856
7860
7862
7863
7865
7866
7867
7868
7870
7872
7873
7874
7876
7877
7878
7881
7883
7884
7885
7886
7887
7888
7889
7893
7894
7895
7896
7897
7898
7900
7903
7904
7905
7908
7909
7913
7914
7915
7916
7917
7918
7919
7920
7921
7922
7923
7925
7926
7927
7928
7929
7930
7931
7932
7933
7934
7935
7937
7938
7939
7940
7941
7942
7943
7945
7948
7949
7950
7952
7953
7954
7957
7960
7961
7962
7963
7964
7965
7968
7969
7970
7971
7972
7973
7975
7976
7977
7978
7979
7980
7981
7982
7983
7984
7986
7987
7989
7990
7991
7992
7993
7994
7995
7996
7997
8004
8005
8007
8009
8010
8012
8013
8014
8015
8016
8017
8018
8019
8020
8021
8022
8024
8025
8026
8027
8028
8029
8030
8031
8032
8035
8036
8037
8038
8040
8042
8044
8045
8046
8047
8048
8049
8051
8053
8054
8055
8056
8057
8058
8059
8062
8064
8065
8066
8074
8075
8076
8080
8081
8082
8084
8085
8087
8088
8089
8091
8092
8096
8099
8100
8102
8103
8104
8105
8106
8107
8109
8110
8111
8112
8115
8116
8117
8118
8119
8120
8122
8126
8128
8131
8132
8134
8136
8138
8139
8142
8145
8146
8147
8148
8149
8150
8151
8152
8153
8155
8156
8158
8159
8160
8161
8162
8166
8167
8169
8170
8171
8172
8174
8175
8176
8177
8178
8179
8180
8183
8184
8186
8187
8188
8189
8190
8192
8193
8194
8195
8196
8198
8199
8201
8202
8203
8204
8206
8208
8209
8210
8212
8213
8214
8215
8216
8217
8219
8220
8221
8222
8224
8225
8227
8228
8229
8230
8231
8232
8233
8234
8235
8237
8238
8239
8240
8241
8242
8243
8244
8245
8247
8248
8249
8250
8251
8252
8254
8255
8257
8258
8259
8260
8261
8262
8263
8264
8265
8266
8267
8268
8270
8271
8272
8273
8274
8275
8276
8277
8280
8284
8285
8286
8287
8288
8289
8294
8296
8298
8300
8301
8304
8305
8306
8307
8309
8310
8311
8312
8313
8314
8315
8316
8319
8320
8321
8322
8323
8325
8327
8328
8329
8330
8331
8332
8333
8334
8335
8337
8339
8340
8341
8342
8346
8347
8348
8349
8350
8353
8354
8355
8356
8357
8358
8359
8362
8363
8364
8365
8367
8368
8369
8370
8371
8372
8373
8376
8378
8380
8381
8383
8384
8385
8386
8387
8388
8390
8391
8393
8395
8396
8401
8402
8403
8407
8410
8411
8412
8413
8414
8415
8417
8419
8420
8421
8422
8424
8426
8427
8429
8430
8432
8434
8435
8436
8437
8440
8441
8442
8443
8444
8445
8446
8448
8451
8452
8453
8454
8456
8457
8458
8459
8461
8462
8463
8465
8466
8467
8468
8473
8474
8475
8477
8480
8482
8485
8487
8488
8489
8490
8491
8492
8493
8495
8498
8502
8503
8504
8505
8506
8507
8508
8510
8513
8514
8516
8517
8518
8521
8522
8523
8525
8526
8528
8529
8534
8535
8538
8539
8541
8542
8543
8545
8546
8548
8549
8551
8552
8553
8555
8557
8558
8559
8560
8562
8563
8568
8569
8574
8575
8576
8577
8578
8579
8580
8581
8582
8584
8585
8586
8588
8591
8592
8593
8595
8596
8597
8599
8600
8601
8602
8603
8604
8606
8607
8611
8612
8613
8614
8615
8617
8618
8619
8621
8622
8624
8626
8628
8630
8631
8633
8635
8636
8637
8638
8639
8640
8641
8642
8645
8646
8647
8648
8649
8651
8653
8654
8655
8656
8657
8658
8661
8662
8663
8664
8666
8670
8671
8673
8675
8676
8677
8678
8680
8681
8682
8684
8685
8686
8687
8688
8691
8692
8693
8694
8695
8696
8698
8700
8701
8702
8704
8705
8709
8711
8712
8713
8715
8716
8717
8718
8719
8720
8722
8723
8725
8726
8728
8729
8731
8733
8734
8736
8737
8738
8739
8741
8742
8744
8745
8746
8747
8748
8749
8751
8752
8753
8754
8755
8756
8758
8761
8762
8763
8766
8767
8770
8771
8772
8773
8774
8775
8776
8777
8778
8779
8781
8782
8784
8786
8787
8788
8790
8792
8793
8794
8795
8797
8799
8800
8801
8803
8805
8809
8811
8812
8813
8814
8815
8816
8818
8819
8820
8821
8822
8823
8824
8826
8828
8829
8830
8831
8832
8835
8836
8838
8839
8841
8842
8843
8844
8847
8849
8850
8851
8852
8854
8855
8856
8857
8858
8861
8863
8864
8865
8867
8868
8870
8871
8872
8873
8874
8876
8877
8878
8880
8882
8883
8884
8886
8887
8889
8891
8892
8893
8895
8896
8897
8898
8899
8900
8901
8902
8903
8904
8905
8907
8909
8912
8913
8914
8917
8918
8920
8921
8923
8924
8925
8926
8927
8928
8930
8931
8933
8934
8935
8940
8942
8943
8944
8945
8946
8947
8948
8950
8951
8952
8953
8954
8955
8956
8957
8958
8959
8960
8963
8964
8965
8966
8967
8968
8972
8973
8974
8976
8977
8979
8980
8981
8985
8986
8987
8988
8990
8991
8992
8993
8995
8996
8997
8998
9000
9001
9002
9004
9005
9007
9010
9012
9015
9016
9017
9020
9021
9022
9023
9024
9025
9026
9032
9033
9034
9036
9037
9038
9039
9040
9044
9045
9047
9050
9051
9052
9053
9054
9056
9057
9060
9061
9062
9065
9066
9067
9069
9070
9071
9072
9075
9076
9079
9080
9081
9082
9084
9085
9086
9087
9089
9090
9092
9094
9095
9096
9097
9101
9103
9104
9107
9108
9112
9113
9115
9116
9119
9120
9122
9123
9124
9127
9128
9129
9130
9134
9135
9136
9137
9138
9140
9141
9142
9144
9145
9146
9147
9148
9149
9150
9151
9152
9154
9156
9160
9161
9162
9163
9164
9165
9169
9170
9171
9172
9173
9174
9175
9176
9177
9179
9183
9185
9188
9189
9191
9193
9194
9195
9196
9199
9201
9202
9203
9204
9205
9206
9207
9208
9209
9210
9212
9214
9218
9219
9220
9222
9225
9226
9227
9228
9229
9230
9231
9233
9235
9236
9238
9242
9245
9250
9251
9252
9253
9254
9255
9256
9258
9259
9261
9262
9263
9264
9265
9266
9267
9268
9270
9273
9274
9276
9279
9280
9281
9282
9284
9285
9286
9287
9289
9290
9291
9292
9293
9294
9295
9296
9297
9298
9299
9300
9301
9302
9306
9307
9309
9310
9312
9313
9314
9315
9316
9317
9318
9320
9322
9325
9326
9327
9328
9329
9330
9331
9332
9333
9334
9336
9337
9338
9339
9341
9342
9346
9347
9348
9349
9350
9353
9356
9357
9359
9360
9361
9366
9367
9368
9370
9373
9374
9377
9378
9379
9380
9381
9384
9388
9389
9391
9393
9394
9395
9398
9399
9400
9401
9402
9403
9404
9405
9407
9408
9409
9411
9412
9413
9414
9415
9416
9417
9421
9423
9424
9432
9433
9435
9437
9440
9441
9442
9445
9447
9448
9449
9450
9451
9453
9459
9460
9461
9462
9463
9465
9467
9469
9470
9472
9474
9480
9481
9482
9483
9486
9487
9488
9489
9490
9491
9492
9493
9498
9499
9500
9504
9505
9506
9508
9509
9513
9514
9516
9519
9520
9521
9523
9525
9526
9528
9529
9531
9532
9533
9534
9535
9536
9537
9539
9541
9544
9545
9547
9550
9551
9552
9554
9556
9558
9559
9562
9564
9566
9570
9571
9573
9574
9576
9577
9578
9582
9583
9585
9586
9587
9588
9589
9592
9593
9594
9595
9596
9597
9599
9600
9601
9602
9604
9605
9607
9609
9610
9613
9614
9616
9617
9618
9619
9623
9626
9629
9630
9631
9632
9634
9636
9637
9638
9640
9642
9643
9644
9646
9647
9649
9650
9651
9656
9659
9660
9661
9663
9664
9666
9667
9670
9671
9672
9677
9680
9681
9682
9683
9687
9688
9689
9690
9693
9694
9696
9697
9699
9700
9701
9702
9704
9706
9709
9711
9713
9714
9716
9719
9720
9721
9722
9723
9724
9725
9726
9728
9729
9731
9732
9733
9734
9735
9736
9737
9740
9741
9742
9743
9744
9745
9746
9749
9750
9751
9752
9754
9755
9756
9757
9758
9760
9762
9763
9766
9769
9772
9775
9776
9778
9779
9781
9783
9784
9788
9789
9790
9793
9794
9795
9796
9799
9800
9804
9806
9807
9808
9809
9810
9811
9813
9814
9816
9819
9821
9822
9823
9824
9826
9827
9829
9830
9831
9832
9835
9837
9840
9841
9843
9845
9846
9847
9848
9849
9851
9853
9854
9856
9857
9858
9859
9863
9865
9866
9868
9869
9870
9873
9875
9876
9877
9878
9879
9880
9881
9882
9883
9885
9886
9887
9889
9890
9891
9892
9894
9895
9897
9899
9900
9901
9902
9903
9904
9906
9907
9908
9910
9911
9912
9913
9914
9917
9918
9919
9920
9921
9923
9925
9926
9927
9930
9932
9933
9934
9935
9938
9939
9940
9941
9942
9945
9946
9947
9948
9954
9955
9956
9957
9958
9961
9962
9963
9964
9965
9966
9968
9969
9971
9973
9974
9975
9976
9977
9978
9979
9980
9981
9982
9983
9984
9985
9986
9987
9989
9990
9991
9992
9993
9994
9996
9997
9998
9999
10000
